0	0	0.027777778	0.055555556	0.083333333	0.111111111	0.138888889	0.166666667	0.138888889	0.111111111	0.083333333	0.055555556	0.027777778	0	0	0	0	0	0	0	0	0	0	0	0	0	0	0	0	0	0	0	0	0	0	0	0	0	0	0
0	0	0	0.027777778	0.055555556	0.083333333	0.111111111	0.138888889	0.166666667	0.138888889	0.111111111	0.083333333	0.055555556	0.027777778	0	0	0	0	0	0	0	0	0	0	0	0	0	0	0	0	0	0	0	0	0	0	0	0	0	0
0.058823529	0	0	0	0.024509804	0.049019608	0.073529411	0.098039216	0.12254902	0.147058824	0.181372549	0.098039216	0.073529411	0.049019608	0.024509804	0	0	0	0	0	0	0	0	0	0	0	0	0	0	0	0	0	0	0	0	0	0	0	0	0
0	0	0	0	0	0.027777778	0.055555556	0.083333333	0.111111111	0.138888889	0.166666667	0.138888889	0.111111111	0.083333333	0.055555556	0.027777778	0	0	0	0	0	0	0	0	0	0	0	0	0	0	0	0	0	0	0	0	0	0	0	0
0	0	0	0	0	0	0.027777778	0.055555556	0.083333333	0.111111111	0.138888889	0.166666667	0.138888889	0.111111111	0.083333333	0.055555556	0.027777778	0	0	0	0	0	0	0	0	0	0	0	0	0	0	0	0	0	0	0	0	0	0	0
0	0	0	0	0	0		0.027777778	0.055555556	0.083333333	0.111111111	0.138888889	0.166666667	0.138888889	0.111111111	0.083333333	0.055555556	0.027777778	0	0	0	0	0	0	0	0	0	0	0	0	0	0	0	0	0	0	0	0	0	0
0	0	0	0	0	0	0	0	0.027777778	0.055555556	0.083333333	0.111111111	0.138888889	0.166666667	0.138888889	0.111111111	0.083333333	0.055555556	0.027777778	0	0	0	0	0	0	0	0	0	0	0	0	0	0	0	0	0	0	0	0	0
0.0625	0	0	0	0.0625	0.0625	0	0	0	0.012152778	0.086805556	0.098958333	0.111111111	0.060763889	0.072916667	0.123263889	0.048611111	0.036458333	0.024305556	0.012152778	0	0	0	0	0.0625	0	0	0	0	0	0	0	0	0	0	0	0	0	0	0.0625
0	0	0	0	0	0	0	0	0	0	0.027777778	0.055555556	0.083333333	0.111111111	0.138888889	0.166666667	0.138888889	0.111111111	0.083333333	0.055555556	0.027777778	0	0	0	0	0	0	0	0	0	0	0	0	0	0	0	0	0	0	0
0	0	0	0	0	0	0	0	0	0	0	0.027777778	0.055555556	0.083333333	0.111111111	0.138888889	0.166666667	0.138888889	0.111111111	0.083333333	0.055555556	0.027777778	0	0	0	0	0	0	0	0	0	0	0	0	0	0	0	0	0	0
0	0	0	0	0	0	0	0	0	0	0	0	0.027777778	0.055555556	0.083333333	0.111111111	0.138888889	0.166666667	0.138888889	0.111111111	0.083333333	0.055555556	0.027777778	0	0	0	0	0	0	0	0	0	0	0	0	0	0	0	0	0
0	0	0	0	0	0	0	0	0	0	0	0	0	0.027777778	0.055555556	0.083333333	0.111111111	0.138888889	0.166666667	0.138888889	0.111111111	0.083333333	0.055555556	0.027777778	0	0	0	0	0	0	0	0	0	0	0	0	0	0	0	0
0	0	0	0	0	0	0	0	0	0	0	0	0	0	0.027777778	0.055555556	0.083333333	0.111111111	0.138888889	0.166666667	0.138888889	0.111111111	0.083333333	0.055555556	0.027777778	0	0	0	0	0	0	0	0	0	0	0	0	0	0	0
0	0	0	0	0	0	0	0	0	0	0	0	0	0	0	0.027777778	0.055555556	0.083333333	0.111111111	0.138888889	0.166666667	0.138888889	0.111111111	0.083333333	0.055555556	0.027777778	0	0	0	0	0	0	0	0	0	0	0	0	0	0
0	0	0	0	0	0	0	0	0	0	0	0	0	0	0	0	0.027777778	0.055555556	0.083333333	0.111111111	0.138888889	0.166666667	0.138888889	0.111111111	0.083333333	0.055555556	0.027777778	0	0	0	0	0	0	0	0	0	0	0	0	0
0	0	0	0	0	0	0	0	0	0	0	0	0	0	0	0	0	0.027777778	0.055555556	0.083333333	0.111111111	0.138888889	0.166666667	0.138888889	0.111111111	0.083333333	0.055555556	0.027777778	0	0	0	0	0	0	0	0	0	0	0	0
0	0	0	0	0	0	0	0	0	0	0	0	0	0	0	0	0	0	0.027777778	0.055555556	0.083333333	0.111111111	0.138888889	0.166666667	0.138888889	0.111111111	0.083333333	0.055555556	0.027777778	0	0	0	0	0	0	0	0	0	0	0
0.058823529	0	0	0	0	0	0	0	0	0	0.058823529	0	0	0	0	0	0	0	0	0.024509804	0.049019608	0.073529411	0.098039216	0.12254902	0.147058824	0.12254902	0.098039216	0.073529411	0.049019608	0.024509804	0	0	0	0	0	0	0	0	0	0
0	0	0	0	0	0	0	0	0	0	0	0	0	0	0	0	0	0	0	0	0.027777778	0.055555556	0.083333333	0.111111111	0.138888889	0.166666667	0.138888889	0.111111111	0.083333333	0.055555556	0.027777778	0	0	0	0	0	0	0	0	0
0	0	0	0	0	0	0	0	0	0	0	0	0	0	0	0	0	0	0	0	0	0.027777778	0.055555556	0.083333333	0.111111111	0.138888889	0.166666667	0.138888889	0.111111111	0.083333333	0.055555556	0.027777778	0	0	0	0	0	0	0	0
0	0	0	0	0	0	0	0	0	0	0	0	0	0	0	0	0	0	0	0	0	0	0.027777778	0.055555556	0.083333333	0.111111111	0.138888889	0.166666667	0.138888889	0.111111111	0.083333333	0.055555556	0.027777778	0	0	0	0	0	0	0
0	0	0	0	0	0	0	0	0	0	0	0	0	0	0	0	0	0	0	0	0	0	0	0.027777778	0.055555556	0.083333333	0.111111111	0.138888889	0.166666667	0.138888889	0.111111111	0.083333333	0.055555556	0.027777778	0	0	0	0	0	0
0.0625	0	0	0	0	0.0625	0	0	0	0	0.0625	0.0625	0	0	0	0	0	0	0	0.0625	0	0	0	0	0.074652778	0.086805556	0.036458333	0.048611111	0.123263889	0.072916667	0.060763889	0.048611111	0.036458333	0.024305556	0.012152778	0	0	0	0	0.0625
0	0	0	0	0	0	0	0	0	0	0	0	0	0	0	0	0	0	0	0	0	0	0	0	0	0.027777778	0.055555556	0.083333333	0.111111111	0.138888889	0.166666667	0.138888889	0.111111111	0.083333333	0.055555556	0.027777778	0	0	0	0
0	0	0	0	0	0	0	0	0	0	0	0	0	0	0	0	0	0	0	0	0	0	0	0	0		0.027777778	0.055555556	0.083333333	0.111111111	0.138888889	0.166666667	0.138888889	0.111111111	0.083333333	0.055555556	0.027777778	0	0	0
0	0	0	0	0	0	0	0	0	0	0	0	0	0	0	0	0	0	0	0	0	0	0	0	0	0	0	0.027777778	0.055555556	0.083333333	0.111111111	0.138888889	0.166666667	0.138888889	0.111111111	0.083333333	0.055555556	0.027777778	0	0
0	0	0	0	0	0	0	0	0	0	0	0	0	0	0	0	0	0	0	0	0	0	0	0	0	0	0		0.027777778	0.055555556	0.083333333	0.111111111	0.138888889	0.166666667	0.138888889	0.111111111	0.083333333	0.055555556	0.027777778	0
0	0	0	0	0	0	0	0	0	0	0	0	0	0	0	0	0	0	0	0	0	0	0	0	0	0	0	0	0	0.027777778	0.055555556	0.083333333	0.111111111	0.138888889	0.166666667	0.138888889	0.111111111	0.083333333	0.055555556	0.027777778
0.027777778	0	0	0	0	0	0	0	0	0	0	0	0	0	0	0	0	0	0	0	0	0	0	0	0	0	0	0	0	0	0.027777778	0.055555556	0.083333333	0.111111111	0.138888889	0.166666667	0.138888889	0.111111111	0.083333333	0.055555556
0.055555556	0.027777778	0	0	0	0	0	0	0	0	0	0	0	0	0	0	0	0	0	0	0	0	0	0	0	0	0	0	0	0		0.027777778	0.055555556	0.083333333	0.111111111	0.138888889	0.166666667	0.138888889	0.111111111	0.083333333
0	0	0	0	0	0	0	0	0	0	1	0	0	0	0	0	0	0	0	0	0	0	0	0	0	0	0	0	0	0	0	0	0	0	0	0	0	0	0	0
0.111111111	0.083333333	0.055555556	0.027777778	0	0	0	0	0	0	0	0	0	0	0	0	0	0	0	0	0	0	0	0	0	0	0	0	0	0	0	0	0	0.027777778	0.055555556	0.083333333	0.111111111	0.138888889	0.166666667	0.138888889
0.138888889	0.111111111	0.083333333	0.055555556	0.027777778	0	0	0	0	0	0	0	0	0	0	0	0	0	0	0	0	0	0	0	0	0	0	0	0	0	0	0	0	0	0.027777778	0.055555556	0.083333333	0.111111111	0.138888889	0.166666667
0.205882353	0.12254902	0.098039216	0.073529411	0.049019608	0.024509804	0	0	0	0	0.058823529	0	0	0	0	0	0	0	0	0	0	0	0	0	0	0	0	0	0	0	0	0	0	0	0	0.024509804	0.049019608	0.073529411	0.098039216	0.12254902
0.138888889	0.166666667	0.138888889	0.111111111	0.083333333	0.055555556	0.027777778	0	0	0	0	0	0	0	0	0	0	0	0	0	0	0	0	0	0	0	0	0	0	0	0	0	0	0	0	0	0.027777778	0.055555556	0.083333333	0.111111111
0.111111111	0.138888889	0.166666667	0.138888889	0.111111111	0.083333333	0.055555556	0.027777778	0	0	0	0	0	0	0	0	0	0	0	0	0	0	0	0	0	0	0	0	0	0	0	0	0	0	0	0		0.027777778	0.055555556	0.083333333
0.098958333	0.048611111	0.060763889	0.072916667	0.060763889	0.173611111	0.036458333	0.024305556	0.012152778	0	0.0625	0.0625	0.0625	0	0	0	0	0	0	0	0	0	0	0	0.0625	0	0	0	0	0	0	0	0	0.0625	0	0	0	0	0.012152778	0.086805556
0.055555556	0.083333333	0.111111111	0.138888889	0.166666667	0.138888889	0.111111111	0.083333333	0.055555556	0.027777778	0	0	0	0	0	0	0	0	0	0	0	0	0	0	0	0	0	0	0	0	0	0	0	0	0	0	0	0	0	0.027777778
0.027777778	0.055555556	0.083333333	0.111111111	0.138888889	0.166666667	0.138888889	0.111111111	0.083333333	0.055555556	0.027777778	0	0	0	0	0	0	0	0	0	0	0	0	0	0	0	0	0	0	0	0	0	0	0	0	0	0	0	0	0
0	0.027777778	0.055555556	0.083333333	0.111111111	0.138888889	0.166666667	0.138888889	0.111111111	0.083333333	0.055555556	0.027777778	0	0	0	0	0	0	0	0	0	0	0	0	0	0	0	0	0	0	0	0	0	0	0	0	0	0	0	0

